! 2 5 12 40
" 23 3 38 43
# 50 8 78 46
$ 92 2 118 48
% 130 5 172 45
& 185 5 215 44
' 220 6 233 42
( 241 4 254 49
) 266 4 277 48
* 287 5 307 47
+ 318 3 344 48
, 353 3 366 51
- 380 4 402 46
. 416 6 426 43
/ 1 63 21 99
0 31 63 57 99
1 72 63 92 99
2 108 63 130 99
3 144 63 167 99
4 183 63 207 99
5 221 63 243 99
6 258 63 282 99
7 296 63 319 99
8 332 63 358 99
9 370 63 393 99 
: 407 63 418 99
; 430 73 440 107
< 2 122 29 155
= 38 122 66 155
> 75 122 103 155
? 113 116 136 155
@ 147 116 195 168
A 203 119 239 155
B 247 116 274 155
C 287 116 312 155
D 325 116 353 155
E 365 116 389 155
F 401 116 423 155
G 1 174 32 212
H 43 174 73 212
I 87 174 95 212
J 105 174 124 212
K 137 174 165 212
L 175 174 198 212
M 207 174 244 212
N 257 174 287 212
O 300 174 333 212
P 346 174 371 212
Q 382 174 417 212
R 2 232 29 269
S 39 232 65 269
T 72 232 102 269
U 110 232 140 269
V 150 232 181 269
W 188 232 236 269
X 244 232 275 269
Y 281 232 311 269
Z 320 232 345 269
[ 357 232 369 275
\ 377 229 402 271
] 408 229 423 275
^ 2 284 29 327
_ 35 284 68 327
' 75 284 82 327
a 92 297 119 324
b 131 286 157 324
c 167 297 188 324
d 198 286 226 324
e 235 297 262 324
f 269 286 288 324
g 295 297 321 337
h 333 286 356 324
i 369 286 378 326
j 382 286 401 335
k 411 286 433 325
l 1 343 17 382
m 28 353 66 382
n 80 353 104 382
o 116 353 143 382
p 155 353 180 392
q 190 353 217 392
r 229 353 247 382
s 255 353 274 382 
t 284 346 304 382
u 314 353 340 382
v 347 353 375 382
w 384 353 422 382
x 0 408 25 437
y 32 408 58 448
z 66 408 90 437
{ 97 399 113 443
| 119 396 136 443
} 141 397 158 443
~ 166 402 194 441